-47.5	9999.0	be6q	20180125	1305
-47.5	9999.0	be6q	20180125	1250
-47.5	9999.0	be6q	20180125	1245
-47.5	9999.0	be6q	20180125	1635
50.6	9999.0	9qs8	20180727	2225
50.6	9999.0	9qs8	20180727	2345
50.6	9999.0	9qs8	20180728	2340
50.6	9999.0	9qs8	20180727	2355
50.6	9999.0	9qs8	20180727	2245
50.6	9999.0	9qs8	20180727	2310
50.6	9999.0	9qs8	20180727	2340
50.6	9999.0	9qs8	20180727	2220
50.6	9999.0	9qs8	20180727	2320
50.6	9999.0	9qs8	20180725	2355
50.6	9999.0	9qs8	20180727	2300
9999.0	-59.6	9r0z	20180726	1530
9999.0	-59.6	9r0z	20180726	0910
9999.0	69.4	9x4s	20180708	2110
